0.02897743205037363323
0.03866963169930119626
0.03358332667931475390
0.00812587645362620320
-0.03850526355516710464
-0.10106150877039934977
-0.16876815675129294703
-0.22745957061115668063
-0.26319438738379730136
-0.26663445672222313432
-0.23405112724916229960
-0.17076030982338277764
-0.08786502935741213882
0.00061738839626491841
0.08066710947222173467
0.14165940637352628095
0.17853545716707586166
0.19259980093782821942
0.19046514957075391661
0.17981629402736326595
0.16901923656527392814
0.16268662666225947033
0.16280923873131472601
0.16749844533967547799
0.17314570051943015128
0.17606048132610752077
0.17512992649541248014
0.16991788271181029746
0.16267099181193583890
0.15427056581831391502
0.14424500281261673496
0.13100950438850975099
0.11101718416440811699
0.08125493890162865940
0.04197439178489715400
-0.00215295807545298019
-0.04239172654430076875
-0.07051127500774431733
-0.08142227680875123441
-0.07679131398471285286
-0.06446439193447328631
-0.05762859654852557634
-0.07028502463748920182
-0.10984706941802983848
-0.17499502051292226135
-0.25336339742176938739
-0.32469430848458591399
-0.36848785914603482405
-0.36913394221458362132
-0.32341460145792838565
-0.24009493507359269682
