0.000000e+00
6.408691e-04
1.251221e-03
1.525879e-03
1.220703e-03
0.000000e+00
-2.014160e-03
-4.150391e-03
-5.218506e-03
-4.028320e-03
0.000000e+00
6.042480e-03
1.187134e-02
1.431274e-02
1.062012e-02
0.000000e+00
-1.525879e-02
-2.969360e-02
-3.594971e-02
-2.722168e-02
0.000000e+00
4.400635e-02
9.741211e-02
1.488342e-01
1.859741e-01
1.995239e-01
1.859741e-01
1.488342e-01
9.741211e-02
4.400635e-02
0.000000e+00
-2.722168e-02
-3.594971e-02
-2.969360e-02
-1.525879e-02
0.000000e+00
1.062012e-02
1.431274e-02
1.187134e-02
6.042480e-03
0.000000e+00
-4.028320e-03
-5.218506e-03
-4.150391e-03
-2.014160e-03
0.000000e+00
1.220703e-03
1.525879e-03
1.251221e-03
6.408691e-04
0.000000e+00
