0.00000000000000000062
0.00065039553667658849
0.00124025457575402506
0.00154168856597617070
0.00121680726432840322
-0.00000000000000000131
-0.00201071739618534709
-0.00414071057825654044
-0.00521455172196734398
-0.00401474661944180387
0.00000000000000000309
0.00605036948985557526
0.01187422064884591753
0.01431762164553206963
0.01062571675306874137
-0.00000000000000000531
-0.01526134569229613443
-0.02969111861349210332
-0.03594907682468056337
-0.02723073776903542700
0.00000000000000000709
0.04400877614770940666
0.09741972657663529322
0.14882523646951956175
0.18597856426149592113
0.19952725455991524028
0.18597856426149592113
0.14882523646951956175
0.09741972657663529322
0.04400877614770940666
0.00000000000000000709
-0.02723073776903542700
-0.03594907682468056337
-0.02969111861349210332
-0.01526134569229613443
-0.00000000000000000531
0.01062571675306874137
0.01431762164553206963
0.01187422064884591753
0.00605036948985557526
0.00000000000000000309
-0.00401474661944180387
-0.00521455172196734398
-0.00414071057825654044
-0.00201071739618534709
-0.00000000000000000131
0.00121680726432840322
0.00154168856597617070
0.00124025457575402506
0.00065039553667658849
0.00000000000000000062
